1  1  0  3.384327e+01  0.000000e+00
1  1  1  3.058955e+00  2.867488e+00
1  1  2  5.927826e-01  5.535241e-01
1  1  3  1.463130e-01  1.372398e-01
1  1  4  6.632449e-02  0.000000e+00
2  1  0  6.828128e-01  0.000000e+00
2  1  1  1.675018e+00  -1.532293e+00
2  1  2  3.123890e-01  -3.063236e-01
2  1  3  6.949663e-02  -6.162945e-02
2  1  4  7.048626e-03  0.000000e+00
6  1  0  -2.533219e-01  0.000000e+00
6  1  1  1.515387e-01  -1.275533e-01
6  1  2  2.346941e-02  -4.019024e-02
6  1  3  1.434086e-03  -1.463791e-02
6  1  4  -7.198533e-03  0.000000e+00
