1  1  0  3.387886e+01  0.000000e+00
1  1  1  2.788627e+00  2.999193e+00
1  1  2  4.787639e-01  5.208712e-01
1  1  3  1.020220e-01  1.109698e-01
1  1  4  4.286604e-02  0.000000e+00
2  1  0  -9.232331e-01  0.000000e+00
2  1  1  1.498371e+00  -1.651027e+00
2  1  2  2.458388e-01  -2.892125e-01
2  1  3  5.026319e-02  -5.299138e-02
2  1  4  9.783251e-05  0.000000e+00
6  1  0  7.983006e-01  0.000000e+00
6  1  1  1.062984e-01  -1.420297e-01
6  1  2  2.513890e-02  -2.502430e-02
6  1  3  6.373561e-03  -6.618297e-03
6  1  4  -3.151745e-04  0.000000e+00
