1  1  0  3.350519e+01  0.000000e+00
1  1  1  2.932367e+00  2.982126e+00
1  1  2  5.435003e-01  5.352220e-01
1  1  3  1.330435e-01  1.288675e-01
1  1  4  6.230849e-02  0.000000e+00
2  1  0  -5.540765e-01  0.000000e+00
2  1  1  1.574765e+00  -1.569985e+00
2  1  2  2.688151e-01  -2.687815e-01
2  1  3  5.300085e-02  -5.330253e-02
2  1  4  -3.088351e-03  0.000000e+00
6  1  0  -7.088872e-01  0.000000e+00
6  1  1  1.479798e-01  -1.378250e-01
6  1  2  3.012801e-02  -2.458449e-02
6  1  3  1.285167e-02  -2.412400e-03
6  1  4  4.275018e-03  0.000000e+00
