1  1  0  3.471990e+01  0.000000e+00
1  1  1  2.590445e+00  2.655557e+00
1  1  2  3.553754e-01  3.647811e-01
1  1  3  4.968772e-02  5.213731e-02
1  1  4  1.396723e-02  0.000000e+00
2  1  0  -1.487829e-01  0.000000e+00
2  1  1  1.626528e+00  -1.656827e+00
2  1  2  2.206825e-01  -2.313569e-01
2  1  3  2.906086e-02  -3.189450e-02
2  1  4  -1.697186e-04  0.000000e+00
6  1  0  5.892445e-01  0.000000e+00
6  1  1  1.011107e-01  -1.239287e-01
6  1  2  1.490410e-02  -2.009457e-02
6  1  3  2.064105e-03  -1.800818e-03
6  1  4  2.335424e-04  0.000000e+00
