1  1  0  3.436999e+01  0.000000e+00
1  1  1  2.826252e+00  2.923961e+00
1  1  2  4.420688e-01  4.450500e-01
1  1  3  7.635246e-02  7.292410e-02
1  1  4  2.547268e-02  0.000000e+00
2  1  0  -6.505432e-01  0.000000e+00
2  1  1  1.641175e+00  -1.692241e+00
2  1  2  2.578280e-01  -2.469258e-01
2  1  3  3.891518e-02  -3.979994e-02
2  1  4  -1.066064e-03  0.000000e+00
6  1  0  -8.320571e-02  0.000000e+00
6  1  1  1.107951e-01  -1.188322e-01
6  1  2  1.658398e-02  -2.028693e-02
6  1  3  3.560260e-03  -3.057380e-03
6  1  4  4.964012e-04  0.000000e+00
