1  1  0  3.421472e+01  0.000000e+00
1  1  1  3.340339e+00  2.839302e+00
1  1  2  6.626364e-01  4.646723e-01
1  1  3  1.371574e-01  8.789101e-02
1  1  4  4.330243e-02  0.000000e+00
2  1  0  1.081758e+00  0.000000e+00
2  1  1  1.893688e+00  -1.631633e+00
2  1  2  3.752751e-01  -2.454021e-01
2  1  3  7.408656e-02  -4.233177e-02
2  1  4  7.188709e-03  0.000000e+00
6  1  0  9.491141e-01  0.000000e+00
6  1  1  1.554260e-01  -1.443985e-01
6  1  2  3.971019e-02  -2.313648e-02
6  1  3  7.194537e-03  -3.899622e-03
6  1  4  9.475612e-04  0.000000e+00
