1  1  0  3.327789e+01  0.000000e+00
1  1  1  2.914903e+00  2.887494e+00
1  1  2  5.422225e-01  5.327371e-01
1  1  3  1.341759e-01  1.336548e-01
1  1  4  6.495316e-02  0.000000e+00
2  1  0  2.431879e-01  0.000000e+00
2  1  1  1.491114e+00  -1.524711e+00
2  1  2  2.682533e-01  -2.606564e-01
2  1  3  5.792282e-02  -5.121780e-02
2  1  4  4.448036e-03  0.000000e+00
6  1  0  -6.232878e-01  0.000000e+00
6  1  1  1.495537e-01  -1.463364e-01
6  1  2  3.212243e-02  -2.882470e-02
6  1  3  1.268931e-02  -2.092113e-03
6  1  4  5.941584e-03  0.000000e+00
