1  1  0  3.382233e+01  0.000000e+00
1  1  1  2.995261e+00  2.875813e+00
1  1  2  5.063789e-01  5.100215e-01
1  1  3  1.006529e-01  1.174080e-01
1  1  4  4.782690e-02  0.000000e+00
2  1  0  -2.748816e-01  0.000000e+00
2  1  1  1.546978e+00  -1.573492e+00
2  1  2  2.491683e-01  -2.772146e-01
2  1  3  4.337936e-02  -6.241277e-02
2  1  4  -6.321245e-03  0.000000e+00
6  1  0  5.387614e-01  0.000000e+00
6  1  1  1.311452e-01  -1.202097e-01
6  1  2  2.469058e-02  -3.317891e-02
6  1  3  1.976138e-03  -8.454933e-03
6  1  4  -1.927687e-03  0.000000e+00
