1  1  0  3.848219e+01  0.000000e+00
1  1  1  4.254202e+00  4.894815e+00
1  1  2  1.050362e+00  1.208435e+00
1  1  3  3.674750e-01  4.122043e-01
1  1  4  2.344743e-01  0.000000e+00
2  1  0  -7.650770e-01  0.000000e+00
2  1  1  1.854756e+00  -1.942409e+00
2  1  2  4.157093e-01  -4.251174e-01
2  1  3  1.260666e-01  -1.036359e-01
2  1  4  -6.207818e-03  0.000000e+00
6  1  0  1.633310e-01  0.000000e+00
6  1  1  -2.983767e-02  -4.928160e-02
6  1  2  -9.575590e-03  -2.255533e-02
6  1  3  -1.923944e-02  -1.522805e-02
6  1  4  -1.694218e-02  0.000000e+00
