1  1  0  3.912667e+01  0.000000e+00
1  1  1  5.302093e+00  4.890845e+00
1  1  2  1.732992e+00  1.324913e+00
1  1  3  8.080084e-01  6.417030e-01
1  1  4  5.151063e-01  0.000000e+00
2  1  0  2.095782e-01  0.000000e+00
2  1  1  2.255770e+00  -1.918823e+00
2  1  2  6.585863e-01  -4.714259e-01
2  1  3  2.515828e-01  -1.984497e-01
2  1  4  2.855104e-02  0.000000e+00
6  1  0  -2.634835e-01  0.000000e+00
6  1  1  3.405726e-02  -7.452761e-02
6  1  2  -1.179331e-02  -1.946843e-02
6  1  3  -1.556267e-02  -1.709603e-02
6  1  4  -2.021368e-02  0.000000e+00
