1  1  0  3.848528e+01  0.000000e+00
1  1  1  4.254829e+00  4.893973e+00
1  1  2  1.050829e+00  1.208157e+00
1  1  3  3.676024e-01  4.120389e-01
1  1  4  2.344411e-01  0.000000e+00
2  1  0  -7.620405e-01  0.000000e+00
2  1  1  1.853711e+00  -1.942233e+00
2  1  2  4.158898e-01  -4.251016e-01
2  1  3  1.260713e-01  -1.034625e-01
2  1  4  -6.082900e-03  0.000000e+00
6  1  0  1.654716e-01  0.000000e+00
6  1  1  -3.015880e-02  -4.928596e-02
6  1  2  -9.723888e-03  -2.262438e-02
6  1  3  -1.929821e-02  -1.533401e-02
6  1  4  -1.705511e-02  0.000000e+00
