1  1  0  4.035155e+01  0.000000e+00
1  1  1  5.440126e+00  5.393149e+00
1  1  2  1.597245e+00  1.398326e+00
1  1  3  5.909228e-01  5.543661e-01
1  1  4  3.318669e-01  0.000000e+00
2  1  0  -5.023932e-01  0.000000e+00
2  1  1  2.332662e+00  -2.144608e+00
2  1  2  6.215750e-01  -5.399356e-01
2  1  3  1.693795e-01  -1.681005e-01
2  1  4  -1.495864e-02  0.000000e+00
6  1  0  3.394595e-01  0.000000e+00
6  1  1  -3.788054e-02  3.120651e-02
6  1  2  1.113338e-02  2.686496e-02
6  1  3  1.173899e-02  1.437241e-02
6  1  4  8.151374e-03  0.000000e+00
