1  1  0  3.918150e+01  0.000000e+00
1  1  1  3.214625e+00  3.288625e+00
1  1  2  4.672603e-01  4.392528e-01
1  1  3  6.694085e-02  6.289035e-02
1  1  4  1.785090e-02  0.000000e+00
2  1  0  -7.231615e-01  0.000000e+00
2  1  1  1.994994e+00  -1.975391e+00
2  1  2  2.814478e-01  -2.623211e-01
2  1  3  3.938435e-02  -3.652482e-02
2  1  4  4.276984e-04  0.000000e+00
6  1  0  7.114396e-02  0.000000e+00
6  1  1  -1.425026e-02  8.343730e-04
6  1  2  -4.832878e-05  7.140913e-04
6  1  3  6.423823e-04  1.723711e-04
6  1  4  -1.349512e-04  0.000000e+00
