1  1  0  4.033798e+01  0.000000e+00
1  1  1  4.791365e+00  5.237685e+00
1  1  2  1.233906e+00  1.421500e+00
1  1  3  4.261875e-01  5.110763e-01
1  1  4  2.862826e-01  0.000000e+00
2  1  0  -2.075352e-01  0.000000e+00
2  1  1  2.233904e+00  -2.146385e+00
2  1  2  5.340432e-01  -5.944568e-01
2  1  3  1.321974e-01  -1.601940e-01
2  1  4  -4.015754e-02  0.000000e+00
6  1  0  -4.660178e-01  0.000000e+00
6  1  1  -9.200659e-02  -9.662081e-03
6  1  2  2.129502e-02  2.010032e-02
6  1  3  2.433827e-03  5.155522e-03
6  1  4  5.714950e-03  0.000000e+00
