1  1  0  4.325483e+01  0.000000e+00
1  1  1  4.967016e+00  6.240109e+00
1  1  2  1.180080e+00  1.707728e+00
1  1  3  3.559050e-01  5.437756e-01
1  1  4  2.475756e-01  0.000000e+00
2  1  0  -1.884784e+00  0.000000e+00
2  1  1  2.335567e+00  -2.720630e+00
2  1  2  5.053943e-01  -7.410702e-01
2  1  3  1.076914e-01  -2.210710e-01
2  1  4  -3.769231e-02  0.000000e+00
6  1  0  -4.840377e-01  0.000000e+00
6  1  1  -3.693084e-02  1.629839e-02
6  1  2  7.348471e-04  2.372800e-02
6  1  3  5.393344e-03  1.020372e-02
6  1  4  7.889219e-03  0.000000e+00
