1  1  0  3.924637e+01  0.000000e+00
1  1  1  4.350783e+00  4.786043e+00
1  1  2  1.008897e+00  1.102519e+00
1  1  3  2.633275e-01  2.695276e-01
1  1  4  1.283976e-01  0.000000e+00
2  1  0  -6.670374e-01  0.000000e+00
2  1  1  2.187780e+00  -2.489406e+00
2  1  2  4.917393e-01  -4.894249e-01
2  1  3  1.125982e-01  -1.007965e-01
2  1  4  4.531745e-04  0.000000e+00
6  1  0  -1.317325e-01  0.000000e+00
6  1  1  1.370614e-02  -1.179573e-02
6  1  2  2.685748e-03  1.061531e-02
6  1  3  2.908075e-03  4.890006e-03
6  1  4  5.085135e-03  0.000000e+00
