1  1  0  4.143868e+01  0.000000e+00
1  1  1  4.265530e+00  4.125021e+00
1  1  2  7.266636e-01  7.010978e-01
1  1  3  1.318901e-01  1.305688e-01
1  1  4  4.725472e-02  0.000000e+00
2  1  0  9.334692e-01  0.000000e+00
2  1  1  2.240383e+00  -2.056366e+00
2  1  2  3.753728e-01  -3.569186e-01
2  1  3  6.544507e-02  -6.490386e-02
2  1  4  2.161360e-03  0.000000e+00
6  1  0  -4.691071e-02  0.000000e+00
6  1  1  2.517957e-02  -3.973703e-03
6  1  2  3.917546e-03  -6.126115e-03
6  1  3  -1.030629e-03  -6.390582e-04
6  1  4  -1.612857e-03  0.000000e+00
