1  1  0  3.978522e+01  0.000000e+00
1  1  1  5.180242e+00  5.099139e+00
1  1  2  1.421010e+00  1.391169e+00
1  1  3  5.296055e-01  5.311841e-01
1  1  4  3.362764e-01  0.000000e+00
2  1  0  6.007281e-01  0.000000e+00
2  1  1  2.223720e+00  -2.231155e+00
2  1  2  5.773869e-01  -5.184785e-01
2  1  3  1.955734e-01  -1.635946e-01
2  1  4  7.976153e-03  0.000000e+00
6  1  0  6.198552e-01  0.000000e+00
6  1  1  -1.894311e-02  -8.660874e-03
6  1  2  -3.091769e-02  -2.067633e-02
6  1  3  -2.085407e-02  -1.517829e-03
6  1  4  -1.165566e-02  0.000000e+00
