1  1  0  3.982291e+01  0.000000e+00
1  1  1  4.902174e+00  5.285526e+00
1  1  2  1.229760e+00  1.495325e+00
1  1  3  4.468729e-01  5.108635e-01
1  1  4  2.846978e-01  0.000000e+00
2  1  0  -1.108388e+00  0.000000e+00
2  1  1  1.938526e+00  -2.239202e+00
2  1  2  4.940410e-01  -6.114183e-01
2  1  3  1.412498e-01  -1.546675e-01
2  1  4  -5.035414e-03  0.000000e+00
6  1  0  8.639973e-01  0.000000e+00
6  1  1  -9.083313e-04  -6.531822e-02
6  1  2  -2.582415e-02  -1.536250e-02
6  1  3  -2.126943e-02  -2.358535e-02
6  1  4  -2.101794e-02  0.000000e+00
