1  1  0  3.350500e+01  0.000000e+00
1  1  1  2.932339e+00  2.982047e+00
1  1  2  5.434813e-01  5.352003e-01
1  1  3  1.330350e-01  1.288600e-01
1  1  4  6.230422e-02  0.000000e+00
2  1  0  -5.539986e-01  0.000000e+00
2  1  1  1.574744e+00  -1.569958e+00
2  1  2  2.688097e-01  -2.687722e-01
2  1  3  5.299989e-02  -5.329831e-02
2  1  4  -3.085467e-03  0.000000e+00
6  1  0  -7.089245e-01  0.000000e+00
6  1  1  1.479736e-01  -1.378157e-01
6  1  2  3.012610e-02  -2.458331e-02
6  1  3  1.285099e-02  -2.411671e-03
6  1  4  4.275483e-03  0.000000e+00
