1  1  0  3.384331e+01  0.000000e+00
1  1  1  3.058970e+00  2.867480e+00
1  1  2  5.927875e-01  5.535203e-01
1  1  3  1.463141e-01  1.372392e-01
1  1  4  6.632463e-02  0.000000e+00
2  1  0  6.828323e-01  0.000000e+00
2  1  1  1.675028e+00  -1.532286e+00
2  1  2  3.123934e-01  -3.063241e-01
2  1  3  6.949739e-02  -6.162966e-02
2  1  4  7.048780e-03  0.000000e+00
6  1  0  -2.533367e-01  0.000000e+00
6  1  1  1.515395e-01  -1.275537e-01
6  1  2  2.346976e-02  -4.019037e-02
6  1  3  1.433995e-03  -1.463802e-02
6  1  4  -7.198496e-03  0.000000e+00
