1  1  0  3.382234e+01  0.000000e+00
1  1  1  2.995261e+00  2.875812e+00
1  1  2  5.063796e-01  5.100208e-01
1  1  3  1.006530e-01  1.174076e-01
1  1  4  4.782684e-02  0.000000e+00
2  1  0  -2.748842e-01  0.000000e+00
2  1  1  1.546980e+00  -1.573491e+00
2  1  2  2.491687e-01  -2.772142e-01
2  1  3  4.337949e-02  -6.241267e-02
2  1  4  -6.321260e-03  0.000000e+00
6  1  0  5.387689e-01  0.000000e+00
6  1  1  1.311453e-01  -1.202091e-01
6  1  2  2.469061e-02  -3.317881e-02
6  1  3  1.976102e-03  -8.454999e-03
6  1  4  -1.927752e-03  0.000000e+00
