1  1  0  3.387886e+01  0.000000e+00
1  1  1  2.788626e+00  2.999193e+00
1  1  2  4.787637e-01  5.208716e-01
1  1  3  1.020219e-01  1.109699e-01
1  1  4  4.286604e-02  0.000000e+00
2  1  0  -9.232351e-01  0.000000e+00
2  1  1  1.498371e+00  -1.651027e+00
2  1  2  2.458386e-01  -2.892127e-01
2  1  3  5.026309e-02  -5.299147e-02
2  1  4  9.781639e-05  0.000000e+00
6  1  0  7.982995e-01  0.000000e+00
6  1  1  1.062981e-01  -1.420299e-01
6  1  2  2.513885e-02  -2.502437e-02
6  1  3  6.373541e-03  -6.618322e-03
6  1  4  -3.151829e-04  0.000000e+00
