1  1  0  3.327825e+01  0.000000e+00
1  1  1  2.914904e+00  2.887607e+00
1  1  2  5.422698e-01  5.327645e-01
1  1  3  1.342080e-01  1.336886e-01
1  1  4  6.497243e-02  0.000000e+00
2  1  0  2.431385e-01  0.000000e+00
2  1  1  1.491198e+00  -1.524830e+00
2  1  2  2.682909e-01  -2.606948e-01
2  1  3  5.792842e-02  -5.123145e-02
2  1  4  4.448118e-03  0.000000e+00
6  1  0  -6.233064e-01  0.000000e+00
6  1  1  1.495564e-01  -1.463691e-01
6  1  2  3.212387e-02  -2.883197e-02
6  1  3  1.268921e-02  -2.097509e-03
6  1  4  5.937257e-03  0.000000e+00
