1  1  0  3.384324e+01  0.000000e+00
1  1  1  3.058957e+00  2.867476e+00
1  1  2  5.927854e-01  5.535240e-01
1  1  3  1.463125e-01  1.372423e-01
1  1  4  6.632518e-02  0.000000e+00
2  1  0  6.828203e-01  0.000000e+00
2  1  1  1.675024e+00  -1.532284e+00
2  1  2  3.123913e-01  -3.063287e-01
2  1  3  6.949604e-02  -6.163206e-02
2  1  4  7.048264e-03  0.000000e+00
6  1  0  -2.533828e-01  0.000000e+00
6  1  1  1.515371e-01  -1.275565e-01
6  1  2  2.346899e-02  -4.019130e-02
6  1  3  1.432903e-03  -1.463899e-02
6  1  4  -7.199547e-03  0.000000e+00
