1  1  0  3.350512e+01  0.000000e+00
1  1  1  2.932363e+00  2.982140e+00
1  1  2  5.434872e-01  5.352181e-01
1  1  3  1.330381e-01  1.288647e-01
1  1  4  6.230565e-02  0.000000e+00
2  1  0  -5.540339e-01  0.000000e+00
2  1  1  1.574762e+00  -1.570004e+00
2  1  2  2.688063e-01  -2.687797e-01
2  1  3  5.299933e-02  -5.329973e-02
2  1  4  -3.087114e-03  0.000000e+00
6  1  0  -7.089001e-01  0.000000e+00
6  1  1  1.479835e-01  -1.378289e-01
6  1  2  3.012870e-02  -2.458201e-02
6  1  3  1.285168e-02  -2.411701e-03
6  1  4  4.275426e-03  0.000000e+00
