1  1  0  3.421472e+01  0.000000e+00
1  1  1  3.340339e+00  2.839302e+00
1  1  2  6.626366e-01  4.646722e-01
1  1  3  1.371574e-01  8.789097e-02
1  1  4  4.330243e-02  0.000000e+00
2  1  0  1.081758e+00  0.000000e+00
2  1  1  1.893688e+00  -1.631633e+00
2  1  2  3.752752e-01  -2.454020e-01
2  1  3  7.408659e-02  -4.233174e-02
2  1  4  7.188724e-03  0.000000e+00
6  1  0  9.491137e-01  0.000000e+00
6  1  1  1.554260e-01  -1.443986e-01
6  1  2  3.971023e-02  -2.313647e-02
6  1  3  7.194539e-03  -3.899618e-03
6  1  4  9.475647e-04  0.000000e+00
