1  1  0  3.424734e+01  0.000000e+00
1  1  1  2.179399e+00  2.293782e+00
1  1  2  2.423845e-01  2.628904e-01
1  1  3  2.920621e-02  3.011645e-02
1  1  4  6.769122e-03  0.000000e+00
2  1  0  -6.158415e-01  0.000000e+00
2  1  1  1.486008e+00  -1.547959e+00
2  1  2  1.630153e-01  -1.763693e-01
2  1  3  1.900583e-02  -1.938784e-02
2  1  4  1.971411e-04  0.000000e+00
6  1  0  4.867931e-01  0.000000e+00
6  1  1  7.305715e-02  -7.651057e-02
6  1  2  8.684398e-03  -1.029473e-02
6  1  3  1.173327e-03  -1.164032e-03
6  1  4  -2.058939e-05  0.000000e+00
