1  1  0  3.382234e+01  0.000000e+00
1  1  1  2.995260e+00  2.875809e+00
1  1  2  5.063789e-01  5.100190e-01
1  1  3  1.006528e-01  1.174070e-01
1  1  4  4.782661e-02  0.000000e+00
2  1  0  -2.748804e-01  0.000000e+00
2  1  1  1.546978e+00  -1.573490e+00
2  1  2  2.491685e-01  -2.772130e-01
2  1  3  4.337950e-02  -6.241230e-02
2  1  4  -6.321099e-03  0.000000e+00
6  1  0  5.387736e-01  0.000000e+00
6  1  1  1.311458e-01  -1.202093e-01
6  1  2  2.469059e-02  -3.317856e-02
6  1  3  1.976159e-03  -8.454871e-03
6  1  4  -1.927686e-03  0.000000e+00
