1  1  0  4.198983e+01  0.000000e+00
1  1  1  3.455954e+00  3.404094e+00
1  1  2  4.829807e-01  4.829399e-01
1  1  3  7.773179e-02  7.951634e-02
1  1  4  1.505962e-02  1.605732e-02
1  1  5  3.547661e-03  4.074639e-03
1  1  6  1.023431e-03  1.204552e-03
1  1  7  3.338537e-04  3.983294e-04
1  1  8  1.196232e-04  1.391547e-04
1  1  9  4.555959e-05  5.035764e-05
1  1  10  1.818580e-05  1.904872e-05
1  1  11  7.452890e-06  7.230728e-06
1  1  12  3.161434e-06  2.802801e-06
1  1  13  1.385078e-06  1.092289e-06
1  1  14  6.047703e-07  4.292176e-07
1  1  15  2.700991e-07  1.736467e-07
1  1  16  1.224749e-07  7.142267e-08
1  1  17  5.575999e-08  2.981231e-08
1  1  18  2.552405e-08  1.235040e-08
1  1  19  1.183355e-08  5.162970e-09
1  1  20  5.580785e-09  2.196218e-09
1  1  21  2.631965e-09  9.680015e-10
1  1  22  1.267939e-09  4.706907e-10
1  1  23  6.292657e-10  3.110589e-10
1  1  24  3.624895e-10  0.000000e+00
2  1  0  2.227810e-01  0.000000e+00
2  1  1  2.004400e+00  -1.968699e+00
2  1  2  2.683424e-01  -2.698962e-01
2  1  3  4.201829e-02  -4.267896e-02
2  1  4  7.890426e-03  -8.400145e-03
2  1  5  1.876484e-03  -2.131889e-03
2  1  6  5.550683e-04  -6.312563e-04
2  1  7  1.858858e-04  -2.119511e-04
2  1  8  6.828308e-05  -7.477660e-05
2  1  9  2.696304e-05  -2.744945e-05
2  1  10  1.106770e-05  -1.056344e-05
2  1  11  4.617392e-06  -4.097624e-06
2  1  12  1.994163e-06  -1.599539e-06
2  1  13  8.897431e-07  -6.309003e-07
2  1  14  3.927331e-07  -2.482240e-07
2  1  15  1.776590e-07  -1.011208e-07
2  1  16  8.162318e-08  -4.245626e-08
2  1  17  3.756884e-08  -1.780450e-08
2  1  18  1.728172e-08  -7.436235e-09
2  1  19  8.108120e-09  -3.136631e-09
2  1  20  3.837685e-09  -1.335628e-09
2  1  21  1.804845e-09  -5.598238e-10
2  1  22  8.608682e-10  -2.048714e-10
2  1  23  3.943600e-10  -1.161591e-11
2  1  24  1.534582e-10  0.000000e+00
6  1  0  -4.607480e-02  0.000000e+00
6  1  1  2.859650e-02  -4.086807e-02
6  1  2  5.732395e-03  -5.159777e-03
6  1  3  1.105475e-03  -1.158472e-03
6  1  4  2.474510e-04  -2.444818e-04
6  1  5  7.466615e-05  -8.367984e-05
6  1  6  2.578982e-05  -2.656789e-05
6  1  7  9.093599e-06  -9.994772e-06
6  1  8  3.895470e-06  -3.045631e-06
6  1  9  1.606808e-06  -9.814479e-07
6  1  10  6.559297e-07  -4.248833e-07
6  1  11  2.668211e-07  -1.740468e-07
6  1  12  1.270907e-07  -7.550573e-08
6  1  13  5.235508e-08  -2.810196e-08
6  1  14  2.435969e-08  -9.778955e-09
6  1  15  1.172182e-08  -4.844785e-09
6  1  16  5.209708e-09  -1.653985e-09
6  1  17  2.572302e-09  -6.524135e-10
6  1  18  1.192194e-09  -2.253209e-10
6  1  19  5.705384e-10  -8.864358e-11
6  1  20  3.074659e-10  -9.891271e-12
6  1  21  1.670376e-10  2.307094e-11
6  1  22  1.003303e-10  3.642133e-11
6  1  23  6.844713e-11  4.430879e-11
6  1  24  5.460677e-11  0.000000e+00
