1  1  0  4.257177e+01  0.000000e+00
1  1  1  3.581162e+00  3.560486e+00
1  1  2  5.171781e-01  5.120691e-01
1  1  3  8.486890e-02  8.204069e-02
1  1  4  1.671746e-02  1.548998e-02
1  1  5  4.043478e-03  3.591259e-03
1  1  6  1.161698e-03  9.948526e-04
1  1  7  3.732190e-04  3.119944e-04
1  1  8  1.326921e-04  1.081546e-04
1  1  9  4.908067e-05  3.978293e-05
1  1  10  1.880414e-05  1.531324e-05
1  1  11  7.406435e-06  6.101425e-06
1  1  12  3.024761e-06  2.509317e-06
1  1  13  1.254063e-06  1.054845e-06
1  1  14  5.277486e-07  4.499521e-07
1  1  15  2.299080e-07  1.962308e-07
1  1  16  1.004697e-07  8.763435e-08
1  1  17  4.466300e-08  3.928509e-08
1  1  18  2.029572e-08  1.796401e-08
1  1  19  9.276464e-09  8.307450e-09
1  1  20  4.253180e-09  3.877160e-09
1  1  21  1.986808e-09  1.836270e-09
1  1  22  9.588524e-10  8.927819e-10
1  1  23  5.200710e-10  4.911557e-10
1  1  24  3.930197e-10  0.000000e+00
2  1  0  2.923335e-01  0.000000e+00
2  1  1  2.075320e+00  -2.047021e+00
2  1  2  2.882222e-01  -2.832152e-01
2  1  3  4.546657e-02  -4.401930e-02
2  1  4  8.758992e-03  -8.242632e-03
2  1  5  2.104592e-03  -1.878207e-03
2  1  6  6.105751e-04  -5.274292e-04
2  1  7  1.997715e-04  -1.691126e-04
2  1  8  7.399011e-05  -6.072643e-05
2  1  9  2.780477e-05  -2.295311e-05
2  1  10  1.085987e-05  -9.043525e-06
2  1  11  4.413293e-06  -3.692645e-06
2  1  12  1.830618e-06  -1.558337e-06
2  1  13  7.720091e-07  -6.603431e-07
2  1  14  3.280744e-07  -2.876250e-07
2  1  15  1.452749e-07  -1.271635e-07
2  1  16  6.475539e-08  -5.757872e-08
2  1  17  2.908135e-08  -2.595773e-08
2  1  18  1.333627e-08  -1.205876e-08
2  1  19  6.184379e-09  -5.620864e-09
2  1  20  2.823174e-09  -2.652221e-09
2  1  21  1.297237e-09  -1.247362e-09
2  1  22  5.738563e-10  -5.732726e-10
2  1  23  2.098344e-10  -2.317510e-10
2  1  24  -1.424964e-11  0.000000e+00
6  1  0  7.875815e-02  0.000000e+00
6  1  1  3.844783e-02  -3.422169e-02
6  1  2  6.448041e-03  -5.712296e-03
6  1  3  9.018824e-04  -1.104532e-03
6  1  4  2.537933e-04  -2.408323e-04
6  1  5  7.439429e-05  -5.843208e-05
6  1  6  2.660783e-05  -1.891933e-05
6  1  7  8.967594e-06  -7.264131e-06
6  1  8  3.449014e-06  -2.689642e-06
6  1  9  1.538211e-06  -9.576270e-07
6  1  10  5.705714e-07  -3.918583e-07
6  1  11  2.278307e-07  -1.414195e-07
6  1  12  9.978927e-08  -5.952326e-08
6  1  13  3.998642e-08  -3.188153e-08
6  1  14  1.925299e-08  -1.368450e-08
6  1  15  8.628434e-09  -6.392639e-09
6  1  16  3.238903e-09  -2.750348e-09
6  1  17  1.453177e-09  -1.272177e-09
6  1  18  7.410413e-10  -5.806718e-10
6  1  19  3.619465e-10  -2.772993e-10
6  1  20  1.592004e-10  -1.328017e-10
6  1  21  6.720591e-11  -6.318014e-11
6  1  22  2.886169e-11  -3.139597e-11
6  1  23  8.682839e-12  -1.410132e-11
6  1  24  -3.211418e-12  0.000000e+00
