1  1  0  4.172907e+01  0.000000e+00
1  1  1  3.386511e+00  3.341337e+00
1  1  2  4.809414e-01  4.736033e-01
1  1  3  7.840300e-02  7.747309e-02
1  1  4  1.568792e-02  1.555745e-02
1  1  5  3.909530e-03  3.886242e-03
1  1  6  1.193004e-03  1.160229e-03
1  1  7  4.105875e-04  3.900957e-04
1  1  8  1.525549e-04  1.431804e-04
1  1  9  5.982501e-05  5.460091e-05
1  1  10  2.409579e-05  2.152699e-05
1  1  11  1.003966e-05  8.860619e-06
1  1  12  4.264168e-06  3.756218e-06
1  1  13  1.881049e-06  1.630955e-06
1  1  14  8.362330e-07  7.096463e-07
1  1  15  3.749180e-07  3.118861e-07
1  1  16  1.716453e-07  1.405501e-07
1  1  17  7.942954e-08  6.441725e-08
1  1  18  3.750754e-08  2.931846e-08
1  1  19  1.761604e-08  1.349287e-08
1  1  20  8.413554e-09  6.307100e-09
1  1  21  4.129837e-09  3.030550e-09
1  1  22  2.061332e-09  1.532140e-09
1  1  23  1.135427e-09  9.177563e-10
1  1  24  8.086135e-10  0.000000e+00
2  1  0  1.443813e-01  0.000000e+00
2  1  1  1.980432e+00  -1.955471e+00
2  1  2  2.688567e-01  -2.652889e-01
2  1  3  4.262099e-02  -4.209079e-02
2  1  4  8.373458e-03  -8.235976e-03
2  1  5  2.076716e-03  -2.069835e-03
2  1  6  6.528301e-04  -6.334515e-04
2  1  7  2.343294e-04  -2.178746e-04
2  1  8  8.886301e-05  -8.181190e-05
2  1  9  3.562146e-05  -3.183560e-05
2  1  10  1.469051e-05  -1.283174e-05
2  1  11  6.234723e-06  -5.461889e-06
2  1  12  2.701549e-06  -2.344039e-06
2  1  13  1.217750e-06  -1.034962e-06
2  1  14  5.480899e-07  -4.568376e-07
2  1  15  2.489206e-07  -2.030843e-07
2  1  16  1.153991e-07  -9.253461e-08
2  1  17  5.375226e-08  -4.302536e-08
2  1  18  2.549536e-08  -1.978656e-08
2  1  19  1.211562e-08  -9.187132e-09
2  1  20  5.797424e-09  -4.319513e-09
2  1  21  2.828983e-09  -2.029331e-09
2  1  22  1.325369e-09  -9.138667e-10
2  1  23  5.719788e-10  -3.172625e-10
2  1  24  9.793438e-11  0.000000e+00
6  1  0  7.540843e-02  0.000000e+00
6  1  1  3.188156e-02  -3.933759e-02
6  1  2  6.301936e-03  -5.250555e-03
6  1  3  9.952737e-04  -8.959698e-04
6  1  4  2.289357e-04  -2.450080e-04
6  1  5  8.384534e-05  -6.838232e-05
6  1  6  3.097306e-05  -2.316780e-05
6  1  7  1.151376e-05  -9.523560e-06
6  1  8  3.971446e-06  -3.396248e-06
6  1  9  1.837776e-06  -1.185310e-06
6  1  10  8.012363e-07  -5.070785e-07
6  1  11  3.656580e-07  -2.173167e-07
6  1  12  1.530370e-07  -9.173622e-08
6  1  13  6.774223e-08  -3.741388e-08
6  1  14  3.348654e-08  -1.779523e-08
6  1  15  1.459596e-08  -8.265521e-09
6  1  16  6.816263e-09  -3.397408e-09
6  1  17  3.597149e-09  -1.667427e-09
6  1  18  1.816675e-09  -6.323436e-10
6  1  19  9.655677e-10  -2.682715e-10
6  1  20  5.579683e-10  -2.653917e-11
6  1  21  3.689427e-10  8.701888e-11
6  1  22  2.715191e-10  1.359774e-10
6  1  23  2.226442e-10  1.691270e-10
6  1  24  1.956150e-10  0.000000e+00
