1  1  0  4.197769e+01  0.000000e+00
1  1  1  3.491405e+00  3.454512e+00
1  1  2  5.009679e-01  4.941384e-01
1  1  3  8.202389e-02  8.086401e-02
1  1  4  1.658466e-02  1.600467e-02
1  1  5  4.221381e-03  3.942650e-03
1  1  6  1.275025e-03  1.174594e-03
1  1  7  4.439300e-04  3.979461e-04
1  1  8  1.662809e-04  1.442298e-04
1  1  9  6.489612e-05  5.609869e-05
1  1  10  2.659695e-05  2.271567e-05
1  1  11  1.139024e-05  9.374266e-06
1  1  12  4.904855e-06  4.000365e-06
1  1  13  2.147883e-06  1.732976e-06
1  1  14  9.735206e-07  7.646016e-07
1  1  15  4.376215e-07  3.483961e-07
1  1  16  1.993745e-07  1.608086e-07
1  1  17  9.317581e-08  7.498321e-08
1  1  18  4.396164e-08  3.540867e-08
1  1  19  2.079624e-08  1.675954e-08
1  1  20  9.887567e-09  8.028302e-09
1  1  21  4.751653e-09  3.958088e-09
1  1  22  2.341887e-09  1.993941e-09
1  1  23  1.295039e-09  1.160237e-09
1  1  24  9.622988e-10  0.000000e+00
2  1  0  -1.113927e-02  0.000000e+00
2  1  1  2.027433e+00  -2.007558e+00
2  1  2  2.792690e-01  -2.759283e-01
2  1  3  4.496355e-02  -4.326523e-02
2  1  4  8.904210e-03  -8.551565e-03
2  1  5  2.296059e-03  -2.126279e-03
2  1  6  7.070573e-04  -6.457035e-04
2  1  7  2.582723e-04  -2.245422e-04
2  1  8  9.836606e-05  -8.392401e-05
2  1  9  3.952758e-05  -3.346189e-05
2  1  10  1.649231e-05  -1.388702e-05
2  1  11  7.213015e-06  -5.851583e-06
2  1  12  3.152722e-06  -2.551518e-06
2  1  13  1.396174e-06  -1.130492e-06
2  1  14  6.408779e-07  -5.063199e-07
2  1  15  2.907816e-07  -2.342977e-07
2  1  16  1.342175e-07  -1.091885e-07
2  1  17  6.377704e-08  -5.145848e-08
2  1  18  3.025085e-08  -2.463078e-08
2  1  19  1.438256e-08  -1.168877e-08
2  1  20  6.792513e-09  -5.621676e-09
2  1  21  3.216379e-09  -2.717888e-09
2  1  22  1.480601e-09  -1.259061e-09
2  1  23  5.878045e-10  -4.812861e-10
2  1  24  2.971356e-11  0.000000e+00
6  1  0  2.941174e-01  0.000000e+00
6  1  1  2.452445e-02  -3.505923e-02
6  1  2  5.129573e-03  -5.124339e-03
6  1  3  1.197269e-03  -1.033310e-03
6  1  4  2.442994e-04  -3.073666e-04
6  1  5  7.180657e-05  -7.939583e-05
6  1  6  2.879643e-05  -2.388488e-05
6  1  7  1.096620e-05  -7.867918e-06
6  1  8  3.753095e-06  -3.418849e-06
6  1  9  1.514079e-06  -1.480322e-06
6  1  10  6.843463e-07  -5.851427e-07
6  1  11  3.406545e-07  -2.445193e-07
6  1  12  1.379457e-07  -1.076819e-07
6  1  13  7.005768e-08  -4.482593e-08
6  1  14  3.053413e-08  -2.161932e-08
6  1  15  1.305396e-08  -9.647181e-09
6  1  16  6.349365e-09  -4.573919e-09
6  1  17  2.953388e-09  -2.154211e-09
6  1  18  1.563122e-09  -9.970632e-10
6  1  19  6.861316e-10  -4.751220e-10
6  1  20  3.742514e-10  -1.916021e-10
6  1  21  2.103995e-10  -6.902356e-11
6  1  22  1.218022e-10  -2.245287e-12
6  1  23  7.920607e-11  2.723188e-11
6  1  24  4.957548e-11  0.000000e+00
