1  1  0  3.263535e+01  0.000000e+00
1  1  1  2.923235e+00  2.785982e+00
1  1  2  5.554675e-01  5.150480e-01
1  1  3  1.482451e-01  1.281476e-01
1  1  4  7.134230e-02  0.000000e+00
2  1  0  1.178982e-01  0.000000e+00
2  1  1  1.547287e+00  -1.414773e+00
2  1  2  2.668605e-01  -2.577721e-01
2  1  3  6.730412e-02  -5.759276e-02
2  1  4  2.095558e-03  0.000000e+00
6  1  0  -8.763447e-01  0.000000e+00
6  1  1  1.412981e-01  -1.360927e-01
6  1  2  4.499779e-02  -2.740675e-02
6  1  3  1.492056e-02  -2.588586e-03
6  1  4  5.864387e-03  0.000000e+00
