1  1  0  3.458124e+01  0.000000e+00
1  1  1  2.283170e+00  2.248540e+00
1  1  2  2.651612e-01  2.749067e-01
1  1  3  3.123502e-02  3.270667e-02
1  1  4  7.210233e-03  0.000000e+00
2  1  0  6.404600e-01  0.000000e+00
2  1  1  1.538375e+00  -1.509080e+00
2  1  2  1.739207e-01  -1.856602e-01
2  1  3  1.985834e-02  -2.147214e-02
2  1  4  -2.120157e-04  0.000000e+00
6  1  0  -2.468738e-01  0.000000e+00
6  1  1  8.717607e-02  -7.068778e-02
6  1  2  1.042760e-02  -1.141451e-02
6  1  3  1.290208e-03  -9.257166e-04
6  1  4  -9.077070e-05  0.000000e+00
