1  1  0  3.318043e+01  0.000000e+00
1  1  1  2.646975e+00  2.953117e+00
1  1  2  4.573585e-01  5.485070e-01
1  1  3  1.005819e-01  1.245894e-01
1  1  4  5.173976e-02  0.000000e+00
2  1  0  -3.091742e-01  0.000000e+00
2  1  1  1.455904e+00  -1.509636e+00
2  1  2  2.312422e-01  -2.608357e-01
2  1  3  4.116268e-02  -5.334823e-02
2  1  4  -1.654237e-03  0.000000e+00
6  1  0  1.114618e+00  0.000000e+00
6  1  1  1.144307e-01  -1.269976e-01
6  1  2  2.420595e-02  -3.504225e-02
6  1  3  6.126559e-03  -5.386113e-03
6  1  4  1.437749e-03  0.000000e+00
