1  1  0  3.288471e+01  0.000000e+00
1  1  1  2.610209e+00  2.784150e+00
1  1  2  4.087625e-01  4.627534e-01
1  1  3  7.874629e-02  8.538674e-02
1  1  4  2.985553e-02  0.000000e+00
2  1  0  -5.264862e-01  0.000000e+00
2  1  1  1.444328e+00  -1.573606e+00
2  1  2  2.271655e-01  -2.549053e-01
2  1  3  4.035699e-02  -4.447143e-02
2  1  4  -1.774180e-03  0.000000e+00
6  1  0  3.880221e-01  0.000000e+00
6  1  1  1.025896e-01  -1.255549e-01
6  1  2  1.793268e-02  -2.219968e-02
6  1  3  4.712103e-03  -3.615088e-03
6  1  4  1.342510e-04  0.000000e+00
