1  1  0  3.404375e+01  0.000000e+00
1  1  1  2.797356e+00  3.006832e+00
1  1  2  4.707512e-01  5.088252e-01
1  1  3  9.619549e-02  9.950766e-02
1  1  4  3.893625e-02  0.000000e+00
2  1  0  -9.842421e-01  0.000000e+00
2  1  1  1.566950e+00  -1.662951e+00
2  1  2  2.587573e-01  -2.697993e-01
2  1  3  4.986276e-02  -4.448622e-02
2  1  4  2.501588e-03  0.000000e+00
6  1  0  3.669218e-01  0.000000e+00
6  1  1  1.354899e-01  -1.270161e-01
6  1  2  2.824691e-02  -2.791823e-02
6  1  3  3.369006e-03  -6.518233e-03
6  1  4  -6.568893e-04  0.000000e+00
