1  1  0  3.387029e+01  0.000000e+00
1  1  1  2.721040e+00  2.692636e+00
1  1  2  4.271493e-01  4.466403e-01
1  1  3  7.666617e-02  8.085052e-02
1  1  4  2.678968e-02  0.000000e+00
2  1  0  -4.118881e-01  0.000000e+00
2  1  1  1.601092e+00  -1.600419e+00
2  1  2  2.452215e-01  -2.647280e-01
2  1  3  3.949988e-02  -4.156673e-02
2  1  4  -6.220869e-04  0.000000e+00
6  1  0  -1.069012e+00  0.000000e+00
6  1  1  1.262675e-01  -1.244733e-01
6  1  2  2.060269e-02  -2.234094e-02
6  1  3  3.649279e-03  -4.308178e-03
6  1  4  1.194689e-04  0.000000e+00
