1  1  0  3.483501e+01  0.000000e+00
1  1  1  2.919787e+00  2.776285e+00
1  1  2  4.454889e-01  4.115843e-01
1  1  3  7.690114e-02  6.518225e-02
1  1  4  2.315118e-02  0.000000e+00
2  1  0  -3.523673e-02  0.000000e+00
2  1  1  1.739835e+00  -1.641081e+00
2  1  2  2.600931e-01  -2.377653e-01
2  1  3  4.392052e-02  -3.468592e-02
2  1  4  2.394701e-03  0.000000e+00
6  1  0  5.808951e-01  0.000000e+00
6  1  1  1.239109e-01  -1.155333e-01
6  1  2  2.062233e-02  -1.715184e-02
6  1  3  4.722432e-03  -4.153614e-04
6  1  4  1.850101e-03  0.000000e+00
