1  1  0  3.553922e+01  0.000000e+00
1  1  1  2.696633e+00  2.708115e+00
1  1  2  3.658203e-01  3.718791e-01
1  1  3  5.151478e-02  5.186574e-02
1  1  4  1.405798e-02  0.000000e+00
2  1  0  8.500320e-02  0.000000e+00
2  1  1  1.699464e+00  -1.732788e+00
2  1  2  2.280852e-01  -2.306922e-01
2  1  3  2.888765e-02  -3.040294e-02
2  1  4  -6.400662e-04  0.000000e+00
6  1  0  -5.191263e-01  0.000000e+00
6  1  1  9.799683e-02  -1.109006e-01
6  1  2  1.429044e-02  -1.391540e-02
6  1  3  1.647420e-03  -2.264115e-03
6  1  4  -9.341065e-05  0.000000e+00
