1  1  0  3.494912e+01  0.000000e+00
1  1  1  3.101165e+00  3.070457e+00
1  1  2  5.830833e-01  5.836021e-01
1  1  3  1.369804e-01  1.485420e-01
1  1  4  6.539406e-02  0.000000e+00
2  1  0  7.027932e-01  0.000000e+00
2  1  1  1.695923e+00  -1.678279e+00
2  1  2  2.956916e-01  -3.222603e-01
2  1  3  5.975152e-02  -7.240722e-02
2  1  4  -2.101352e-03  0.000000e+00
6  1  0  2.128354e-01  0.000000e+00
6  1  1  1.292065e-01  -1.684214e-01
6  1  2  3.425881e-02  -4.044990e-02
6  1  3  5.960332e-03  -9.310901e-03
6  1  4  -9.380651e-04  0.000000e+00
