1  1  0  3.357212e+01  0.000000e+00
1  1  1  2.927969e+00  2.886347e+00
1  1  2  5.123332e-01  5.068403e-01
1  1  3  1.097049e-01  1.013075e-01
1  1  4  4.323987e-02  0.000000e+00
2  1  0  -6.645008e-01  0.000000e+00
2  1  1  1.627822e+00  -1.567907e+00
2  1  2  2.752960e-01  -2.637688e-01
2  1  3  5.087396e-02  -4.621390e-02
2  1  4  2.600685e-04  0.000000e+00
6  1  0  -6.414264e-01  0.000000e+00
6  1  1  1.197666e-01  -1.195980e-01
6  1  2  2.405886e-02  -2.797113e-02
6  1  3  5.502051e-03  -7.548977e-03
6  1  4  -8.206817e-04  0.000000e+00
