1  1  0  3.327782e+01  0.000000e+00
1  1  1  2.914904e+00  2.887259e+00
1  1  2  5.422327e-01  5.326599e-01
1  1  3  1.341847e-01  1.336473e-01
1  1  4  6.495689e-02  0.000000e+00
2  1  0  2.434421e-01  0.000000e+00
2  1  1  1.491163e+00  -1.524633e+00
2  1  2  2.682570e-01  -2.606447e-01
2  1  3  5.792559e-02  -5.121253e-02
2  1  4  4.449434e-03  0.000000e+00
6  1  0  -6.228231e-01  0.000000e+00
6  1  1  1.495553e-01  -1.463100e-01
6  1  2  3.212276e-02  -2.881838e-02
6  1  3  1.268655e-02  -2.093677e-03
6  1  4  5.937981e-03  0.000000e+00
