1  1  0  3.387886e+01  0.000000e+00
1  1  1  2.788628e+00  2.999193e+00
1  1  2  4.787643e-01  5.208717e-01
1  1  3  1.020220e-01  1.109699e-01
1  1  4  4.286602e-02  0.000000e+00
2  1  0  -9.232309e-01  0.000000e+00
2  1  1  1.498372e+00  -1.651027e+00
2  1  2  2.458389e-01  -2.892128e-01
2  1  3  5.026316e-02  -5.299145e-02
2  1  4  9.784054e-05  0.000000e+00
6  1  0  7.983006e-01  0.000000e+00
6  1  1  1.062981e-01  -1.420298e-01
6  1  2  2.513882e-02  -2.502433e-02
6  1  3  6.373552e-03  -6.618308e-03
6  1  4  -3.151888e-04  0.000000e+00
